country,year,population,gdp,co2,coal_co2,gas_co2,oil_co2,cement_co2,methane
Brazil,1941,42575027.0,70802128896.0,6.281,5.76,0.0,0.143,0.378,0.0
Brazil,1942,43657003.0,68221296640.0,5.867,5.445,0.004,0.048,0.37,0.0
Brazil,1943,44817135.0,77735960576.0,6.475,5.962,0.011,0.132,0.37,0.0
Brazil,1944,46008096.0,80576684032.0,5.896,5.408,0.007,0.081,0.4,0.0
Brazil,1945,47230706.0,82817277952.0,6.823,6.375,0.004,0.062,0.382,0.0
Brazil,1946,48485805.0,91503345664.0,7.46,6.892,0.018,0.143,0.407,0.0
Brazil,1947,49774257.0,94744731648.0,8.947,8.427,0.004,0.066,0.451,0.0
Brazil,1948,51096948.0,103940636672.0,7.847,7.233,0.007,0.059,0.549,0.0
Brazil,1949,52489682.0,111894872064.0,7.367,6.68,0.011,0.044,0.632,0.0
Brazil,1950,53955360.0,119498719232.0,19.659,6.383,0.004,12.579,0.687,0.0
Brazil,1951,55591060.0,125334814720.0,21.659,6.276,0.004,14.645,0.72,0.0
Brazil,1952,57283340.0,134544285696.0,24.934,6.008,0.004,18.108,0.799,0.0
Brazil,1953,59025680.0,140888047616.0,25.218,5.62,0.007,18.537,1.003,0.0
Brazil,1954,60827596.0,151832723456.0,29.676,5.752,0.015,22.549,1.236,0.0
Brazil,1955,62701036.0,165244239872.0,34.024,5.862,0.015,26.656,1.37,0.0
Brazil,1956,64644888.0,170024681472.0,36.608,5.071,0.018,29.737,1.617,0.0
Brazil,1957,66660892.0,183084417024.0,35.974,5.027,0.033,29.056,1.679,0.0
Brazil,1958,68735928.0,202937286656.0,39.054,3.95,0.066,32.855,1.872,0.0
Brazil,1959,70880824.0,222726635520.0,39.017,4.107,0.092,32.474,1.897,0.0
Brazil,1960,73092520.0,243618988032.0,46.852,4.965,0.114,39.018,2.21,0.0
Brazil,1961,75330008.0,264690925568.0,49.136,4.679,0.114,41.472,2.321,0.0
Brazil,1962,77599224.0,282182189056.0,53.613,5.668,0.11,44.826,2.489,0.0
Brazil,1963,79915560.0,283741028352.0,55.523,5.419,0.165,46.91,2.534,0.0
Brazil,1964,82262800.0,293385633792.0,56.626,6.17,0.161,46.999,2.74,0.0
Brazil,1965,84623752.0,300547047424.0,56.279,6.944,0.194,45.766,2.726,0.0
Brazil,1966,86979288.0,320583729152.0,64.162,8.365,0.245,51.857,2.922,0.0
Brazil,1967,89323288.0,334149091328.0,66.033,8.123,0.256,53.725,3.085,0.0
Brazil,1968,91659248.0,366804795392.0,77.224,8.533,0.231,63.978,3.493,0.0
Brazil,1969,94000384.0,401601724416.0,84.088,9.416,0.234,69.422,3.741,0.0
Brazil,1970,96369888.0,443496726528.0,93.488,8.904,0.154,78.255,4.288,0.0
Brazil,1971,98766288.0,493683376128.0,102.337,8.984,0.249,87.053,4.669,0.0
Brazil,1972,101194392.0,552789540864.0,114.019,9.373,0.275,97.726,5.422,0.0
Brazil,1973,103666904.0,629980135424.0,132.061,9.01,0.377,115.365,6.382,0.0
Brazil,1974,106167376.0,681263693824.0,143.016,9.541,0.692,124.836,7.107,0.0
Brazil,1975,108700512.0,716641599488.0,150.327,11.062,0.78,129.706,7.973,0.0
Brazil,1976,111286504.0,790037659648.0,154.607,11.52,0.916,132.208,9.121,0.0
Brazil,1977,113939888.0,828975480832.0,162.363,15.055,1.132,135.293,10.062,0.0
Brazil,1978,116664384.0,870261981184.0,177.117,17.708,1.484,145.469,11.438,0.0
Brazil,1979,119447304.0,929101316096.0,187.787,18.463,1.63,154.526,12.014,0.0
Brazil,1980,122288384.0,1014791995392.0,186.191,19.987,1.883,150.21,12.803,0.0
Brazil,1981,125168064.0,971272355840.0,171.324,19.723,1.685,135.528,12.64,0.0
Brazil,1982,128065104.0,978935414784.0,171.5,21.552,2.382,133.194,12.244,0.0
Brazil,1983,130977376.0,950507864064.0,165.9,23.926,3.378,125.74,9.803,0.0
Brazil,1984,133888776.0,1001891233792.0,167.567,28.997,4.17,122.062,8.737,0.0
Brazil,1985,136783184.0,1080097308672.0,180.111,34.871,4.994,127.517,9.281,0.0
Brazil,1986,139643360.0,1160963031040.0,197.238,35.123,5.987,142.376,11.122,0.0
Brazil,1987,142466272.0,1201712922624.0,205.968,40.234,6.639,145.541,11.299,0.0
Brazil,1988,145253984.0,1200534716416.0,207.695,39.776,6.841,147.652,11.125,0.0
Brazil,1989,148003424.0,1238775496704.0,212.071,39.93,7.306,151.58,11.141,0.0
Brazil,1990,150706448.0,1185475198976.0,218.658,37.095,7.484,151.775,11.062,291.05
Brazil,1991,153336448.0,1213090103296.0,229.394,42.466,7.336,156.7,11.776,300.15
Brazil,1992,155900784.0,1221828542464.0,233.601,41.203,7.983,163.252,9.77,305.53
Brazil,1993,158440864.0,1298220843008.0,244.306,42.343,8.73,171.252,10.164,306.67
Brazil,1994,160980480.0,1391783968768.0,254.002,43.667,8.985,179.162,10.086,313.05
Brazil,1995,163515328.0,1468835168256.0,268.678,45.582,9.603,190.347,11.528,319.19
Brazil,1996,166037120.0,1520364945408.0,289.311,46.468,10.608,206.281,13.884,311.52
Brazil,1997,168546704.0,1591956078592.0,306.949,47.044,11.863,219.833,15.267,320.61
Brazil,1998,171039808.0,1617675812864.0,317.359,45.591,12.411,229.578,16.175,337.42
Brazil,1999,173486272.0,1645888012288.0,327.256,46.805,14.069,235.468,16.439,338.43
Brazil,2000,175873712.0,1739727962112.0,340.183,50.46,18.442,239.488,16.047,333.94
Brazil,2001,178211888.0,1785513115648.0,346.166,49.427,23.186,241.795,15.227,347.57
Brazil,2002,180476688.0,1861742362624.0,347.765,48.689,29.293,239.219,14.39,371.36
Brazil,2003,182629280.0,1904932683776.0,344.645,51.933,30.919,232.434,13.096,387.02
Brazil,2004,184722048.0,2038447996928.0,361.434,53.833,38.215,239.768,13.273,404.45
Brazil,2005,186797344.0,2129214439424.0,364.371,50.948,39.619,240.221,14.349,414.53
Brazil,2006,188820688.0,2240805339136.0,368.871,50.838,42.053,242.249,15.44,407.21
Brazil,2007,190779456.0,2405626806272.0,390.573,54.989,43.246,256.003,17.2,414.45
Brazil,2008,192672320.0,2559842713600.0,412.638,55.315,51.303,267.239,18.884,407.24
Brazil,2009,194517552.0,2589568270336.0,389.775,43.586,40.959,262.705,19.031,409.16
Brazil,2010,196353504.0,2820492492800.0,440.269,56.688,55.049,286.08,21.288,438.27
Brazil,2011,198185296.0,2968454955008.0,462.58,62.292,53.101,303.885,22.845,429.81
Brazil,2012,199977712.0,3025484382208.0,498.309,61.016,63.397,327.734,24.998,434.35
Brazil,2013,201721776.0,3116394610688.0,532.418,65.604,74.704,342.338,26.652,428.42
Brazil,2014,203459648.0,3132099919872.0,557.901,69.034,81.286,356.753,26.908,436.81
Brazil,2015,205188208.0,3021043138560.0,529.353,69.452,80.465,330.359,25.082,446.49
Brazil,2016,206859584.0,2922076176384.0,492.748,63.831,69.666,312.939,22.415,447.89
Brazil,2017,208504960.0,2960731668480.0,497.121,66.689,70.186,316.132,20.217,448.99
Brazil,2018,210166592.0,3013541101568.0,477.999,65.737,67.066,300.805,20.494,438.0
Brazil,2019,211782880.0,3050327244800.0,473.464,61.926,67.066,299.527,21.048,449.79
Brazil,2020,213196304.0,2950377504768.0,444.504,56.21,58.748,282.284,23.366,459.01
Brazil,2021,214326224.0,3097565331456.0,497.206,67.642,75.904,305.275,24.488,0.0
Brazil,2022,215313504.0,3187413090304.0,483.477,56.21,59.788,319.964,23.619,0.0
