country,year,population,gdp,co2,coal_co2,gas_co2,oil_co2,cement_co2,methane
Germany,1941,71850770.0,639431147520.0,660.793,652.393,0.026,2.766,5.608,108.749
Germany,1942,71830612.0,648060272640.0,667.899,661.99,0.026,2.283,3.602,111.307
Germany,1943,71678963.0,661088894976.0,679.43,672.747,0.018,2.18,4.485,113.918
Germany,1944,71527635.0,677550751744.0,600.273,597.928,0.132,2.213,0.0,109.145
Germany,1945,71376625.0,482064990208.0,116.065,114.258,0.136,1.671,0.0,68.836
Germany,1946,71225935.0,228572053504.0,271.682,268.241,0.165,1.993,1.283,61.407
Germany,1947,71075562.0,256643006464.0,317.66,314.254,0.117,1.77,1.519,90.147
Germany,1948,70925507.0,303971500032.0,377.816,364.81,0.103,9.688,3.216,97.127
Germany,1949,70888212.0,355660922880.0,432.148,421.371,0.081,5.917,4.779,104.555
Germany,1950,69847777.0,422965084160.0,510.682,496.901,0.044,7.566,6.171,114.006
Germany,1951,69782048.0,461743915008.0,576.866,558.774,0.055,11.076,6.96,122.409
Germany,1952,69826946.0,501792178176.0,610.981,590.362,0.099,13.055,7.465,127.871
Germany,1953,69935116.0,543743705088.0,623.492,597.188,0.227,17.126,8.951,131.24
Germany,1954,70104623.0,584376975360.0,659.732,625.474,0.363,24.413,9.482,136.523
Germany,1955,70334148.0,648607432704.0,723.498,682.295,0.729,29.88,10.594,144.553
Germany,1956,70613899.0,695152345088.0,766.191,715.128,1.059,38.897,11.106,150.486
Germany,1957,71088144.0,734905368576.0,777.908,720.17,1.052,45.503,11.183,153.809
Germany,1958,71694672.0,767711444992.0,756.379,688.729,1.037,55.125,11.488,153.727
Germany,1959,72241715.0,823838441472.0,755.795,670.654,1.187,70.426,13.527,155.013
Germany,1960,72811637.0,890209959936.0,813.95,707.214,1.348,90.593,14.795,161.901
Germany,1961,73376111.0,926835933184.0,834.84,711.645,1.48,105.691,16.023,164.608
Germany,1962,73997001.0,966424920064.0,883.169,732.013,1.968,132.369,16.819,170.274
Germany,1963,74698006.0,993706180608.0,945.498,761.687,2.561,164.114,17.136,175.749
Germany,1964,75313477.0,1054006837248.0,968.917,755.615,3.825,190.005,19.473,177.56
Germany,1965,75966964.0,1107504005120.0,960.102,716.917,5.536,217.77,19.88,176.763
Germany,1966,76611028.0,1140349075456.0,951.422,680.103,6.679,244.283,20.356,176.856
Germany,1967,76970793.0,1143923146752.0,936.229,653.866,8.775,254.377,19.211,177.177
Germany,1968,77321278.0,1204136574976.0,984.791,659.625,14.466,290.439,20.261,180.855
Germany,1969,77944023.0,1283751411712.0,1052.001,686.183,20.621,324.194,21.003,186.602
Germany,1970,78205102.0,1343859851264.0,1026.022,603.234,29.766,370.134,22.889,180.309
Germany,1971,78345873.0,1383509131264.0,1037.237,588.132,40.183,384.682,24.24,178.79
Germany,1972,78719923.0,1440601473024.0,1041.481,553.577,52.651,410.007,25.245,174.59
Germany,1973,78966976.0,1505896431616.0,1085.738,561.926,67.751,431.74,24.322,173.503
Germany,1974,78996693.0,1518360985600.0,1062.727,565.844,84.495,390.431,21.957,173.582
Germany,1975,78701861.0,1510149980160.0,1002.447,515.979,88.812,376.809,20.847,171.773
Germany,1976,78364503.0,1583048163328.0,1090.84,555.972,93.634,419.362,21.872,171.623
Germany,1977,78185560.0,1628636053504.0,1052.609,516.648,98.049,416.829,21.083,169.074
Germany,1978,78115357.0,1674283057152.0,1079.133,523.741,105.271,428.176,21.944,170.096
Germany,1979,78147899.0,1741603078144.0,1117.888,549.173,114.72,431.588,22.407,173.188
Germany,1980,78315374.0,1761467957248.0,1100.066,551.176,115.453,412.456,20.981,173.778
Germany,1981,78448044.0,1768196538368.0,1048.523,557.749,110.001,361.3,19.474,173.523
Germany,1982,78393671.0,1753143181312.0,1015.734,550.813,102.017,344.464,18.441,171.223
Germany,1983,78224137.0,1784298602496.0,1011.605,553.738,106.021,333.397,18.448,166.107
Germany,1984,77998199.0,1834585161728.0,1033.245,572.331,108.531,334.89,17.492,164.089
Germany,1985,77863423.0,1874769739776.0,1044.118,579.376,108.532,340.222,15.989,166.099
Germany,1986,77923807.0,1916181413888.0,1047.472,573.762,100.551,356.828,16.331,163.805
Germany,1987,78062321.0,1945055789056.0,1032.443,560.224,109.547,345.535,15.796,159.258
Germany,1988,78385993.0,2009989382144.0,1029.024,552.861,107.637,351.26,16.056,155.944
Germany,1989,79007063.0,2075675197440.0,1008.792,546.779,121.909,322.795,16.72,154.409
Germany,1990,79707964.0,2015547490304.0,1054.796,569.117,122.281,333.324,15.297,151.419
Germany,1991,80303189.0,2141316317184.0,1016.93,504.043,130.146,355.311,13.741,144.657
Germany,1992,80934901.0,2204952428544.0,969.464,454.311,129.3,357.981,14.444,136.858
Germany,1993,81486770.0,2206290935808.0,959.386,430.776,136.252,364.629,14.531,131.406
Germany,1994,81773612.0,2283952930816.0,943.228,418.185,142.15,353.812,15.341,127.507
Germany,1995,82019890.0,2347761139712.0,939.934,406.046,152.97,351.7,15.562,125.756
Germany,1996,82263195.0,2391519789056.0,959.69,400.613,169.956,361.057,14.811,122.739
Germany,1997,82389631.0,2461046145024.0,931.508,386.864,162.876,353.069,15.275,118.067
Germany,1998,82011933.0,2535903723520.0,923.499,377.48,165.377,351.914,15.545,113.085
Germany,1999,81678279.0,2613176696832.0,895.442,360.052,165.627,340.846,15.771,109.713
Germany,2000,81797255.0,2718560681984.0,898.976,373.461,166.421,330.774,15.253,105.166
Germany,2001,81933883.0,2793372909568.0,915.255,376.52,173.799,338.871,13.504,100.988
Germany,2002,82068328.0,2822441533440.0,898.834,375.786,173.61,324.413,12.823,98.229
Germany,2003,82111619.0,2831676080128.0,894.501,378.305,176.587,313.847,13.507,95.747
Germany,2004,82092706.0,2894624980992.0,876.57,374.908,174.327,301.208,14.068,92.884
Germany,2005,82046731.0,2945460994048.0,867.881,361.975,175.904,305.188,13.05,90.885
Germany,2006,81701971.0,3086359199744.0,886.434,367.653,180.197,313.191,13.34,87.773
Germany,2007,81298546.0,3220275724288.0,846.116,376.715,173.851,268.924,14.449,86.156
Germany,2008,81110781.0,3289020366848.0,856.607,353.581,180.995,296.43,13.579,84.776
Germany,2009,80935275.0,3136502104064.0,789.951,316.28,168.399,282.438,12.559,81.328
Germany,2010,80830917.0,3301123031040.0,826.68,341.311,184.875,277.154,12.431,80.546
Germany,2011,80857877.0,3467712921600.0,804.514,339.624,169.399,270.809,13.393,79.0
Germany,2012,80916393.0,3482225475584.0,814.09,350.039,167.837,271.945,13.289,78.457
Germany,2013,81041580.0,3497463119872.0,831.743,357.254,170.267,280.396,12.503,77.654
Germany,2014,81376078.0,3574741336064.0,792.579,344.722,151.986,271.602,12.905,76.622
Germany,2015,82077546.0,3628073746432.0,800.844,341.117,157.11,278.861,12.626,75.533
Germany,2016,82760100.0,3708980035584.0,798.014,329.436,169.169,275.703,12.663,73.409
Germany,2017,83104012.0,3808389496832.0,784.594,312.692,172.045,275.505,13.408,72.975
Germany,2018,83368506.0,3845758648320.0,760.046,296.871,169.76,269.351,13.228,70.091
Germany,2019,83559185.0,3886392803328.0,709.827,240.114,172.762,273.111,13.287,67.37
Germany,2020,83628711.0,3742720851968.0,648.357,198.53,170.963,255.645,13.357,65.473
Germany,2021,83697082.0,3841041629184.0,678.777,232.149,181.116,241.585,13.64,64.893
Germany,2022,84086228.0,3909612732416.0,671.472,240.64,160.776,247.44,12.538,63.261
Germany,2023,84548234.0,0.0,596.151,188.477,155.461,231.622,10.604,61.377
