country,year,population,gdp,co2,coal_co2,gas_co2,oil_co2,cement_co2,methane
United States,1941,130865641.0,1815098556416.0,2043.585,1294.762,141.533,588.735,14.52,408.544
United States,1942,132508765.0,2013171023872.0,2198.265,1458.597,153.855,565.693,16.085,431.385
United States,1943,134350677.0,2203245608960.0,2272.059,1470.803,171.952,612.936,12.041,444.818
United States,1944,136218191.0,2361835388928.0,2444.904,1545.85,186.574,700.12,8.032,468.425
United States,1945,138111665.0,2314667819008.0,2359.552,1421.423,197.676,727.377,9.114,465.466
United States,1946,140031458.0,2103900897280.0,2257.494,1298.758,203.103,737.018,14.653,460.898
United States,1947,141977937.0,2070709141504.0,2485.854,1449.231,224.086,791.342,16.647,490.991
United States,1948,143951473.0,2168923357184.0,2582.559,1433.19,251.765,874.345,18.417,506.825
United States,1949,146051521.0,2126235566080.0,2164.862,1063.102,265.068,813.723,18.788,472.808
United States,1950,154202683.0,2320610099200.0,2541.485,1257.232,319.219,896.801,20.125,513.103
United States,1951,156481322.0,2497407877120.0,2618.711,1211.599,376.209,960.662,22.041,526.657
United States,1952,158794225.0,2590801395712.0,2551.219,1074.173,402.787,1000.967,22.256,526.856
United States,1953,161168319.0,2709832597504.0,2612.971,1065.955,423.342,1050.079,23.521,540.912
United States,1954,163636304.0,2691885432832.0,2489.462,913.446,444.0,1063.212,24.131,538.559
United States,1955,166200030.0,2882221637632.0,2728.512,1026.222,479.19,1147.903,26.584,571.521
United States,1956,168824963.0,2938405650432.0,2859.995,1068.358,505.889,1203.787,28.39,594.194
United States,1957,171499235.0,2993553408000.0,2835.772,1024.081,540.645,1193.662,27.006,602.888
United States,1958,174215305.0,2963550502912.0,2747.108,888.344,570.701,1220.046,27.758,607.076
United States,1959,177145772.0,3183156920320.0,2831.923,910.978,593.21,1258.457,30.234,626.651
United States,1960,180274554.0,3262376312832.0,2897.315,917.964,630.025,1281.631,28.798,645.465
United States,1961,183489491.0,3338584195072.0,2886.873,887.443,636.415,1297.316,28.699,653.408
United States,1962,186724277.0,3539745112064.0,2993.902,920.818,676.367,1334.748,29.878,677.772
United States,1963,189825228.0,3692868403200.0,3126.488,987.008,718.455,1359.256,31.435,703.524
United States,1964,192819456.0,3906859958272.0,3264.313,1049.177,759.072,1393.919,33.026,727.841
United States,1965,195653775.0,4156141338624.0,3399.547,1090.619,782.605,1464.691,33.295,747.568
United States,1966,198265397.0,4428300025856.0,3571.421,1132.718,842.207,1529.661,34.573,769.073
United States,1967,200699913.0,4538979319808.0,3705.461,1163.049,881.284,1589.194,33.594,791.204
United States,1968,203011021.0,4754925682688.0,3840.919,1139.603,936.361,1689.423,35.32,814.898
United States,1969,205300032.0,4903769997312.0,4035.145,1158.0,1018.083,1781.627,35.697,842.4
United States,1970,207796339.0,4912635707392.0,4339.686,1168.091,1059.211,2038.082,34.924,836.289
United States,1971,210426424.0,5065682190336.0,4365.465,1107.406,1096.927,2097.305,35.51,845.369
United States,1972,212842574.0,5334296952832.0,4573.015,1124.841,1115.673,2269.174,36.523,860.524
United States,1973,215006548.0,5637202771968.0,4785.434,1220.714,1175.252,2325.281,36.917,865.959
United States,1974,217076474.0,5621366128640.0,4621.419,1199.352,1134.594,2227.39,36.806,865.173
United States,1975,219129300.0,5605794775040.0,4478.563,1195.102,1042.853,2190.27,30.463,865.318
United States,1976,221168756.0,5899591090176.0,4748.111,1281.249,1063.161,2350.496,32.37,861.483
United States,1977,223259417.0,6166912434176.0,4889.953,1315.802,1041.406,2478.228,33.979,850.923
United States,1978,225396098.0,6518624223232.0,4941.708,1314.266,1045.577,2524.557,35.616,842.348
United States,1979,227575083.0,6740172603392.0,5008.956,1427.55,1080.846,2441.816,35.94,866.868
United States,1980,229858654.0,6743208230912.0,4808.877,1453.891,1058.408,2244.35,32.922,877.155
United States,1981,232201613.0,6911865389056.0,4686.743,1503.037,1032.434,2101.535,31.962,874.601
United States,1982,234583158.0,6782206345216.0,4447.602,1449.193,961.223,1994.366,28.441,869.741
United States,1983,236986362.0,7066236747776.0,4429.711,1504.91,901.395,1977.975,30.44,839.433
United States,1984,239353968.0,7581108011008.0,4662.488,1616.224,962.574,2034.424,32.915,852.102
United States,1985,241690439.0,7874872344576.0,4652.938,1655.15,926.826,2023.738,31.708,843.808
United States,1986,243953810.0,8146027806720.0,4663.711,1635.859,868.157,2111.99,32.854,833.529
United States,1987,246161292.0,8432566927360.0,4826.013,1709.615,923.281,2143.02,32.976,833.03
United States,1988,248393235.0,8787202670592.0,5050.858,1792.863,964.695,2241.04,33.248,838.777
United States,1989,250675047.0,9091291283456.0,5132.543,1813.282,1027.299,2239.66,33.264,840.361
United States,1990,253373385.0,9250377039872.0,5120.957,1814.537,1023.425,2178.622,33.484,826.107
United States,1991,256471425.0,9224687976448.0,5062.957,1797.157,1042.436,2120.971,32.736,821.455
United States,1992,259606020.0,9552658432000.0,5174.228,1817.281,1080.4,2174.379,32.993,825.183
United States,1993,262633235.0,9814940844032.0,5272.851,1879.596,1109.23,2181.652,34.838,828.603
United States,1994,265474811.0,10211205054464.0,5364.279,1894.402,1137.428,2227.062,36.31,833.771
United States,1995,268205794.0,10488856444928.0,5425.259,1913.401,1186.511,2217.904,37.075,820.551
United States,1996,270860696.0,10886951469056.0,5612.983,1993.564,1206.587,2305.301,37.309,815.159
United States,1997,273468014.0,11375561670656.0,5688.142,2038.751,1214.128,2326.338,38.561,812.65
United States,1998,276119323.0,11881793191936.0,5733.281,2062.838,1191.097,2370.915,39.461,797.709
United States,1999,278785482.0,12438444441600.0,5803.918,2063.366,1197.931,2433.46,40.239,781.651
United States,2000,281484127.0,12947416940544.0,6010.136,2163.591,1251.388,2487.84,41.445,776.539
United States,2001,284279629.0,13073809145856.0,5907.74,2099.728,1198.855,2502.249,41.613,754.14
United States,2002,287084336.0,13307342749696.0,5946.308,2103.809,1237.821,2495.708,43.164,739.274
United States,2003,289908091.0,13680911581184.0,6010.146,2144.086,1201.066,2557.332,43.349,742.384
United States,2004,292786247.0,14198910222336.0,6112.655,2164.412,1204.871,2630.811,45.886,736.453
United States,2005,295716665.0,14673826021376.0,6132.183,2188.337,1186.902,2642.556,46.194,734.175
United States,2006,298730210.0,15065164021760.0,6052.686,2152.56,1173.252,2609.566,46.851,745.984
United States,2007,301844227.0,15333184241664.0,6130.123,2175.033,1247.321,2592.442,45.509,754.316
United States,2008,304970328.0,15288553701376.0,5915.119,2135.89,1252.606,2414.717,41.416,770.415
United States,2009,308023451.0,14864003104768.0,5480.726,1872.386,1231.696,2280.318,29.615,731.385
United States,2010,311062786.0,15239587299328.0,5679.715,1982.954,1290.495,2300.574,31.449,713.843
United States,2011,314105078.0,15477885632512.0,5546.116,1873.284,1310.707,2252.414,32.208,720.301
United States,2012,317115348.0,15830887694336.0,5344.086,1658.491,1372.072,2196.025,35.27,702.431
United States,2013,320110753.0,16122472562688.0,5480.157,1720.408,1410.482,2224.627,36.369,700.429
United States,2014,323115378.0,16491318607872.0,5528.681,1710.594,1435.209,2247.931,39.439,704.579
United States,2015,326126498.0,16937634496512.0,5376.473,1479.145,1476.136,2285.676,39.907,692.981
United States,2016,329179421.0,17220065296384.0,5252.932,1347.943,1481.873,2299.961,39.439,673.674
United States,2017,332204656.0,17606123716608.0,5212.162,1308.716,1460.656,2315.177,40.324,687.428
United States,2018,335056495.0,18124692783104.0,5377.797,1256.631,1619.275,2366.168,38.971,707.426
United States,2019,337790068.0,18540551733248.0,5262.145,1071.666,1675.471,2360.999,40.896,720.439
United States,2020,339436157.0,18027359764480.0,4714.628,877.92,1656.255,2047.544,40.688,687.597
United States,2021,340161441.0,19099377729536.0,5032.213,1004.759,1659.128,2238.883,41.312,689.588
United States,2022,341534041.0,19493170446336.0,5078.871,942.357,1748.499,2258.467,41.418,695.298
United States,2023,343477332.0,0.0,4911.391,776.767,1755.923,2250.856,39.714,683.538
