country,year,population,gdp,co2,coal_co2,gas_co2,oil_co2,cement_co2,methane
India,1941,374175756.0,431261712384.0,53.581,51.31,0.0,1.187,1.084,322.511
India,1942,372999886.0,428796608512.0,53.53,51.254,0.0,1.143,1.133,327.185
India,1943,370228201.0,446201692160.0,46.644,44.428,0.0,1.121,1.095,330.6
India,1944,367477113.0,441698385920.0,47.696,45.499,0.0,1.14,1.058,335.561
India,1945,364746467.0,434203197440.0,52.874,50.793,0.0,0.971,1.11,341.088
India,1946,362036112.0,411463188480.0,52.225,50.322,0.0,0.898,1.005,345.56
India,1947,359345897.0,340810006528.0,53.18,51.668,0.0,0.762,0.75,344.482
India,1948,356675672.0,344050008064.0,53.204,51.628,0.0,0.769,0.806,349.125
India,1949,355893489.0,353225015296.0,56.188,54.323,0.0,0.777,1.088,354.397
India,1950,346278817.0,354332999680.0,61.103,52.56,0.0,7.189,1.354,359.069
India,1951,353870058.0,362445012992.0,64.022,54.512,0.0,7.852,1.658,366.824
India,1952,361874904.0,373116010496.0,67.426,58.03,0.0,7.562,1.834,375.293
India,1953,370104571.0,396813008896.0,68.705,59.067,0.0,7.68,1.958,383.666
India,1954,378687141.0,413406003200.0,72.414,60.592,0.0,9.541,2.281,392.565
India,1955,387700891.0,423653998592.0,78.788,63.711,0.0,12.751,2.326,402.174
India,1956,396988906.0,447916998656.0,81.656,65.157,0.0,13.945,2.554,411.747
India,1957,406253895.0,443355987968.0,91.635,72.838,0.0,15.894,2.903,422.889
India,1958,415777437.0,476938010624.0,95.816,75.819,0.0,16.843,3.154,433.489
India,1959,425780669.0,486917996544.0,101.447,79.523,0.0,18.387,3.537,444.564
India,1960,435990344.0,520800010240.0,111.325,87.878,0.0,19.445,4.002,456.893
India,1961,446564730.0,536351997952.0,120.404,94.885,0.004,21.31,4.205,461.617
India,1962,457283092.0,548431986688.0,132.582,103.26,0.011,24.885,4.381,465.114
India,1963,468138576.0,576287997952.0,142.444,110.42,0.011,27.106,4.771,467.752
India,1964,479229599.0,620466012160.0,139.488,105.924,0.022,28.122,4.944,472.497
India,1965,490140141.0,596064993280.0,153.702,116.456,0.282,30.815,5.398,473.628
India,1966,500740250.0,601424986112.0,159.373,116.984,0.311,35.676,5.57,481.585
India,1967,511606375.0,650715987968.0,159.556,119.096,0.487,32.698,5.821,486.468
India,1968,522716894.0,668219998208.0,174.069,123.826,0.751,42.25,5.872,494.518
India,1969,533880544.0,712563032064.0,177.413,123.368,0.997,45.35,6.438,500.735
India,1970,545864268.0,748744015872.0,181.723,123.551,0.923,49.332,6.495,506.325
India,1971,558096383.0,755656032256.0,191.964,126.966,1.085,55.443,7.052,511.511
India,1972,570482142.0,753543020544.0,203.036,134.377,1.205,58.878,7.363,515.107
India,1973,583465595.0,788800012288.0,209.095,137.809,1.169,61.749,6.921,521.571
India,1974,597041392.0,796992012288.0,215.853,145.639,1.359,60.628,6.501,528.277
India,1975,611309532.0,868009967616.0,234.209,161.338,1.733,61.838,7.288,540.605
India,1976,625861887.0,878540029952.0,244.749,168.92,2.294,63.438,8.279,544.304
India,1977,640801105.0,947196002304.0,258.962,177.51,2.481,68.557,8.322,554.551
India,1978,655728226.0,997920014336.0,263.15,174.689,2.741,75.317,8.421,561.921
India,1979,671155745.0,947528007680.0,276.285,180.622,3.03,82.664,7.752,567.756
India,1980,687354031.0,1015104995328.0,291.711,197.337,2.488,83.176,7.545,579.794
India,1981,703696255.0,1077444018176.0,314.966,210.305,2.884,89.713,8.888,594.941
India,1982,720313474.0,1111560028160.0,325.38,213.123,4.36,94.407,9.676,600.34
India,1983,737372685.0,1202349015040.0,352.199,232.519,5.243,99.17,10.951,621.176
India,1984,754875451.0,1248909983744.0,361.559,231.493,6.17,106.105,12.593,631.925
India,1985,772647801.0,1298600034304.0,397.592,253.289,7.2,116.76,14.39,640.488
India,1986,790689978.0,1353105014784.0,426.309,273.171,10.31,121.857,16.006,661.193
India,1987,808931261.0,1412883939328.0,455.343,291.856,12.776,127.671,16.412,666.872
India,1988,827342997.0,1560089985024.0,491.692,317.172,15.206,133.615,18.229,694.418
India,1989,846039530.0,1663727960064.0,540.651,339.625,18.518,150.714,20.791,711.207
India,1990,864972219.0,1750992945152.0,577.996,366.514,21.097,158.167,22.348,682.595
India,1991,883927607.0,1768493547520.0,615.365,393.043,23.563,166.423,24.503,692.462
India,1992,902957072.0,1851711422464.0,655.447,411.414,27.256,188.055,25.156,699.35
India,1993,922118380.0,1944353767424.0,677.299,433.121,26.996,186.879,26.602,700.166
India,1994,941163775.0,2055026769920.0,714.064,455.72,28.997,198.955,28.54,707.689
India,1995,960301048.0,2189535739904.0,760.462,471.723,39.051,216.281,31.104,718.587
India,1996,979678464.0,2345228828672.0,823.621,504.498,39.747,243.16,34.079,727.114
India,1997,999133765.0,2426804895744.0,858.011,527.722,46.024,244.202,37.418,737.115
India,1998,1018665073.0,2567853047808.0,875.772,524.125,47.595,262.892,39.026,742.405
India,1999,1038225821.0,2710352953344.0,960.763,560.528,52.619,300.976,44.592,748.887
India,2000,1057922728.0,2804478640128.0,986.445,572.876,52.791,312.847,45.957,751.86
India,2001,1077898572.0,2940745547776.0,1000.527,582.081,53.128,316.721,46.74,757.557
India,2002,1097600381.0,3024984473600.0,1032.14,598.597,57.609,325.22,49.111,753.157
India,2003,1116802997.0,3251114344448.0,1067.737,625.89,58.565,330.615,50.88,766.618
India,2004,1135991510.0,3495022821376.0,1133.828,669.968,58.316,348.234,55.545,778.156
India,2005,1154676319.0,3752627535872.0,1194.592,721.469,59.357,352.376,59.687,796.301
India,2006,1172878890.0,4069856116736.0,1292.485,773.564,82.58,369.694,64.905,808.801
India,2007,1190676028.0,4403214942208.0,1392.506,842.477,87.956,391.897,68.333,826.853
India,2008,1207930962.0,4649547988992.0,1489.437,910.795,90.277,413.233,73.245,842.577
India,2009,1225524760.0,4993478819840.0,1612.216,983.947,112.463,432.66,81.268,846.518
India,2010,1243481564.0,5361371185152.0,1677.337,1015.983,134.121,439.5,86.029,856.15
India,2011,1261224952.0,5720693014528.0,1764.712,1074.385,136.26,460.104,91.314,867.948
India,2012,1278674506.0,6052427857920.0,1925.7,1206.452,125.605,489.814,100.237,870.109
India,2013,1295829506.0,6424470487040.0,1995.098,1276.383,110.689,496.94,107.82,844.152
India,2014,1312277184.0,6875186200576.0,2148.344,1407.057,109.467,512.465,115.825,852.537
India,2015,1328024492.0,7391521275904.0,2234.219,1449.587,106.871,556.117,117.508,860.389
India,2016,1343944293.0,8057466126336.0,2354.658,1499.401,113.622,614.597,123.281,867.525
India,2017,1359657392.0,8550029459456.0,2426.607,1551.256,118.922,632.558,121.047,876.481
India,2018,1374659068.0,9173200797696.0,2593.058,1668.318,126.201,657.084,138.965,891.333
India,2019,1389030303.0,9595463401472.0,2612.888,1661.94,128.676,676.154,143.664,891.979
India,2020,1402617692.0,8945313775616.0,2421.552,1561.799,127.994,606.045,122.908,898.078
India,2021,1414203889.0,9801620783104.0,2674.222,1767.297,133.192,621.928,149.033,919.331
India,2022,1425423212.0,10476248367104.0,2831.166,1855.854,124.009,684.057,164.323,933.884
India,2023,1438069597.0,0.0,3062.324,2032.012,132.42,717.799,177.226,940.655
