country,year,population,gdp,co2,coal_co2,gas_co2,oil_co2,cement_co2,methane
Iran,1941,15364059.0,0.0,20.822,0.238,0.0,20.559,0.025,14.318
Iran,1942,15524597.0,0.0,29.532,0.216,0.0,29.29,0.025,14.609
Iran,1943,15659633.0,0.0,30.455,0.183,0.0,30.254,0.018,14.898
Iran,1944,15795843.0,0.0,41.66,0.264,0.0,41.378,0.018,15.219
Iran,1945,15933238.0,0.0,52.897,0.399,0.0,52.487,0.011,15.687
Iran,1946,16071828.0,0.0,60.232,0.399,0.0,59.811,0.022,16.128
Iran,1947,16211624.0,0.0,63.468,0.498,0.0,62.948,0.022,16.605
Iran,1948,16352636.0,0.0,77.951,0.399,0.0,77.519,0.033,17.039
Iran,1949,16558920.0,0.0,8.13,0.451,0.0,7.65,0.029,17.521
Iran,1950,16510553.0,44850892800.0,9.601,0.531,0.0,9.037,0.033,18.02
Iran,1951,16921281.0,44840296448.0,6.914,0.451,0.0,6.43,0.033,18.715
Iran,1952,17344434.0,44843151360.0,4.092,0.399,0.0,3.668,0.025,19.445
Iran,1953,17778109.0,44886630400.0,3.829,0.411,0.0,3.385,0.033,19.984
Iran,1954,18226205.0,44884365312.0,1.044,0.665,0.0,0.347,0.033,20.596
Iran,1955,18700800.0,44862808064.0,15.813,0.649,0.583,2.876,0.065,21.156
Iran,1956,19204391.0,48871698432.0,22.808,0.506,0.85,8.588,0.109,31.588
Iran,1957,19726844.0,55700860928.0,21.8,0.465,1.403,11.111,0.156,37.731
Iran,1958,20266510.0,62178750464.0,25.229,0.513,1.44,13.201,0.204,42.552
Iran,1959,20846778.0,67527569408.0,25.569,0.63,1.759,11.684,0.287,41.718
Iran,1960,21470433.0,74059071488.0,37.359,0.612,1.839,21.835,0.392,61.522
Iran,1961,22125729.0,80338485248.0,36.509,0.524,1.902,19.326,0.367,58.58
Iran,1962,22807908.0,81892024320.0,37.428,0.542,2.037,18.708,0.367,59.212
Iran,1963,23519008.0,90921967616.0,41.305,0.605,2.206,20.271,0.367,62.354
Iran,1964,24262863.0,97500512256.0,47.519,0.725,2.308,23.571,0.367,70.297
Iran,1965,25036982.0,109475799040.0,53.718,0.755,2.378,24.627,0.389,74.222
Iran,1966,25829273.0,120466931712.0,64.103,0.755,2.682,26.309,0.691,79.905
Iran,1967,26628431.0,134024249344.0,67.881,0.769,2.84,27.608,0.691,84.265
Iran,1968,27437390.0,154230439936.0,82.33,0.788,3.037,36.501,0.959,105.906
Iran,1969,28273481.0,174223163392.0,83.039,1.301,9.021,28.693,1.159,103.93
Iran,1970,29145099.0,192659390464.0,91.787,1.26,20.559,32.72,1.272,121.956
Iran,1971,30029069.0,216529780736.0,101.628,1.429,18.027,39.355,1.41,121.9
Iran,1972,30921177.0,251717222400.0,106.015,2.425,17.466,38.035,1.668,134.397
Iran,1973,31839836.0,273301962752.0,129.475,2.664,19.188,51.138,1.726,153.565
Iran,1974,32796455.0,297538945024.0,143.775,3.037,24.175,60.156,2.235,158.001
Iran,1975,33802973.0,311929438208.0,139.214,2.616,22.889,65.329,2.653,144.006
Iran,1976,34837283.0,365375389696.0,156.49,2.327,22.834,74.181,3.016,156.439
Iran,1977,35933180.0,360749400064.0,163.806,2.334,20.445,86.256,3.587,151.441
Iran,1978,37126534.0,318003249152.0,162.289,2.535,18.833,85.074,5.931,141.667
Iran,1979,38424956.0,290524364800.0,163.137,2.407,24.05,102.588,3.728,97.674
Iran,1980,39842324.0,249697452032.0,120.695,2.433,13.282,82.883,3.88,59.55
Iran,1981,41989316.0,242198921216.0,113.273,1.927,12.142,79.948,4.452,55.848
Iran,1982,44272142.0,280254611456.0,138.132,2.997,12.626,90.127,4.972,73.413
Iran,1983,46029541.0,317242867712.0,150.028,2.752,16.034,101.189,5.337,78.594
Iran,1984,47793999.0,322589097984.0,150.401,3.272,25.138,103.747,5.746,75.219
Iran,1985,49582288.0,330378084352.0,160.486,3.426,27.392,113.229,6.059,78.388
Iran,1986,51446047.0,299361796096.0,148.305,3.58,28.543,99.851,6.142,74.694
Iran,1987,53323493.0,294831456256.0,159.34,3.653,30.602,109.616,6.24,81.718
Iran,1988,55072694.0,278182821888.0,175.962,3.704,38.395,120.102,6.07,81.638
Iran,1989,56704919.0,288903888896.0,191.114,3.056,42.59,136.279,6.306,97.066
Iran,1990,58380097.0,318478254080.0,211.075,2.693,40.015,139.287,7.261,105.991
Iran,1991,59986931.0,376283103232.0,223.046,3.843,49.617,139.79,7.481,128.988
Iran,1992,61184982.0,424984707072.0,228.194,3.385,52.647,142.941,7.485,135.743
Iran,1993,61403548.0,419990110208.0,236.993,4.133,60.69,146.528,7.945,137.954
Iran,1994,61520597.0,419488432128.0,264.822,4.173,73.287,157.266,8.274,144.413
Iran,1995,62205571.0,437566111744.0,270.875,3.909,81.575,156.607,8.591,140.413
Iran,1996,62881296.0,483475488768.0,276.62,4.089,81.246,160.791,8.775,147.455
Iran,1997,63639637.0,512736329728.0,269.263,4.195,90.915,143.211,9.471,148.236
Iran,1998,64519866.0,541099753472.0,305.642,4.884,98.652,174.87,9.989,133.837
Iran,1999,65445389.0,563869057024.0,374.452,4.976,114.287,227.718,10.956,133.596
Iran,2000,66418662.0,595554533376.0,367.213,5.328,120.448,210.118,12.029,145.124
Iran,2001,67452003.0,636570238976.0,389.909,4.14,127.654,227.454,13.673,136.681
Iran,2002,68011316.0,698059653120.0,397.031,4.664,143.816,217.927,14.068,139.391
Iran,2003,68769345.0,779969691648.0,410.967,5.188,158.468,210.79,14.639,165.446
Iran,2004,70256316.0,849441914880.0,442.119,4.994,178.9,221.765,15.761,165.155
Iran,2005,71828456.0,908856000512.0,466.784,6.086,200.161,222.489,16.125,175.264
Iran,2006,73392746.0,995245162496.0,501.018,5.983,221.54,233.364,17.253,185.356
Iran,2007,74602646.0,1098784571392.0,507.775,6.577,236.52,225.18,19.4,180.594
Iran,2008,75514200.0,1132365742080.0,528.536,5.859,246.875,233.945,21.606,180.717
Iran,2009,76457832.0,1208128372736.0,543.413,4.393,261.065,232.918,24.561,185.703
Iran,2010,77420852.0,1310507008000.0,561.496,5.448,277.22,227.533,30.104,192.915
Iran,2011,78383602.0,1345049329664.0,576.146,5.313,293.263,223.695,32.915,194.686
Iran,2012,79370583.0,1324570771456.0,599.121,4.129,292.274,247.162,34.824,181.674
Iran,2013,80414688.0,1287095582720.0,609.839,4.118,294.934,253.329,36.718,181.998
Iran,2014,81502045.0,1352736964608.0,644.151,3.591,335.007,247.8,34.968,186.109
Iran,2015,82619365.0,1331012173824.0,641.911,4.302,356.769,227.053,31.23,190.885
Iran,2016,83812229.0,1413723717632.0,644.684,3.451,380.704,200.124,30.618,222.615
Iran,2017,85026761.0,1486668300288.0,696.4,4.708,399.504,229.059,29.908,231.762
Iran,2018,86118000.0,1483607244800.0,689.783,4.459,390.843,231.77,30.272,230.367
Iran,2019,87051647.0,1438754537472.0,735.347,4.847,429.315,239.919,35.303,206.887
Iran,2020,87723446.0,1446203752448.0,756.606,5.577,465.332,221.965,38.808,199.027
Iran,2021,88455491.0,1525523152896.0,779.756,5.181,476.04,228.62,37.419,210.188
Iran,2022,89524247.0,1572209033216.0,800.747,5.348,496.507,231.813,34.704,214.788
Iran,2023,90608708.0,0.0,817.88,5.444,509.267,225.85,38.928,203.894
