country,year,population,gdp,co2,coal_co2,gas_co2,oil_co2,cement_co2,methane
United States,1941,130865641.0,1815098556416.0,2043.585,1294.762,141.533,588.735,14.52,0.0
United States,1942,132508765.0,2013171023872.0,2198.265,1458.597,153.855,565.693,16.085,0.0
United States,1943,134350677.0,2203245608960.0,2272.059,1470.803,171.952,612.936,12.041,0.0
United States,1944,136218191.0,2361835388928.0,2444.904,1545.85,186.574,700.12,8.032,0.0
United States,1945,138111665.0,2314667819008.0,2359.552,1421.423,197.676,727.377,9.114,0.0
United States,1946,140031458.0,2103900897280.0,2257.494,1298.758,203.103,737.018,14.653,0.0
United States,1947,141977937.0,2070709141504.0,2485.854,1449.231,224.086,791.342,16.647,0.0
United States,1948,143951473.0,2168923357184.0,2582.559,1433.19,251.765,874.345,18.417,0.0
United States,1949,146051521.0,2126235566080.0,2164.862,1063.102,265.068,813.723,18.788,0.0
United States,1950,148281552.0,2320610099200.0,2541.485,1257.232,319.219,896.801,20.125,0.0
United States,1951,150598448.0,2497407877120.0,2618.711,1211.599,376.209,960.662,22.041,0.0
United States,1952,152941728.0,2590801395712.0,2551.219,1074.173,402.787,1000.967,22.256,0.0
United States,1953,155451200.0,2709832597504.0,2612.971,1065.955,423.342,1050.079,23.521,0.0
United States,1954,158205872.0,2691885432832.0,2489.462,913.446,444.0,1063.212,24.131,0.0
United States,1955,161136448.0,2882221637632.0,2728.512,1026.222,479.19,1147.903,26.584,0.0
United States,1956,164063408.0,2938405650432.0,2859.995,1068.358,505.889,1203.787,28.39,0.0
United States,1957,166949120.0,2993553408000.0,2835.772,1024.081,540.645,1193.662,27.006,0.0
United States,1958,170147104.0,2963550502912.0,2747.108,888.344,570.701,1220.046,27.758,0.0
United States,1959,173324608.0,3183156920320.0,2831.923,910.978,593.21,1258.457,30.234,0.0
United States,1960,176188576.0,3262376312832.0,2897.315,917.964,630.025,1281.631,28.798,0.0
United States,1961,179087280.0,3338584195072.0,2886.873,887.443,636.415,1297.316,28.699,0.0
United States,1962,181917808.0,3539745112064.0,2993.902,920.818,676.367,1334.748,29.878,0.0
United States,1963,184649872.0,3692868403200.0,3126.488,987.008,718.455,1359.256,31.435,0.0
United States,1964,187277376.0,3906859958272.0,3264.313,1049.177,759.072,1393.919,33.026,0.0
United States,1965,189703280.0,4156141338624.0,3399.547,1090.619,782.605,1464.691,33.295,0.0
United States,1966,191830976.0,4428300025856.0,3571.421,1132.718,842.207,1529.661,34.573,0.0
United States,1967,193782432.0,4538979319808.0,3705.461,1163.049,881.284,1589.194,33.594,0.0
United States,1968,195743424.0,4754925682688.0,3840.919,1139.603,936.361,1689.423,35.32,0.0
United States,1969,197859328.0,4903769997312.0,4035.145,1158.0,1018.083,1781.627,35.697,0.0
United States,1970,200328336.0,4912635707392.0,4339.686,1168.091,1059.211,2038.082,34.924,0.0
United States,1971,202907920.0,5065682190336.0,4365.465,1107.406,1096.927,2097.305,35.51,0.0
United States,1972,205238384.0,5334296952832.0,4573.015,1124.841,1115.673,2269.174,36.523,0.0
United States,1973,207314768.0,5637202771968.0,4785.103,1220.645,1174.859,2325.412,36.917,0.0
United States,1974,209277968.0,5621366128640.0,4621.1,1199.284,1134.215,2227.518,36.806,0.0
United States,1975,211274544.0,5605794775040.0,4478.275,1195.032,1042.504,2190.401,30.463,0.0
United States,1976,213270032.0,5899591090176.0,4747.817,1281.173,1062.805,2350.634,32.37,0.0
United States,1977,215437408.0,6166912434176.0,4889.666,1315.721,1041.058,2478.369,33.979,0.0
United States,1978,217881440.0,6518624223232.0,4941.423,1314.183,1045.228,2524.703,35.616,0.0
United States,1979,220463104.0,6740172603392.0,5008.642,1427.458,1080.485,2441.955,35.94,0.0
United States,1980,223140016.0,6743208230912.0,4808.556,1453.794,1058.054,2244.48,32.922,0.0
United States,1981,225654000.0,6911865389056.0,4686.42,1502.932,1032.089,2101.662,31.962,0.0
United States,1982,228001424.0,6782206345216.0,4447.298,1449.085,960.901,1994.492,28.441,0.0
United States,1983,230389968.0,7066236747776.0,4429.423,1504.796,901.094,1978.102,30.44,0.0
United States,1984,232766288.0,7581108011008.0,4662.174,1616.103,962.252,2034.553,32.915,0.0
United States,1985,235146176.0,7874872344576.0,4652.632,1655.025,926.516,2023.868,31.708,0.0
United States,1986,237512784.0,8146027806720.0,4663.43,1635.733,867.866,2112.125,32.854,0.0
United States,1987,239853168.0,8432566927360.0,4825.711,1709.484,922.972,2143.159,32.976,0.0
United States,1988,242287808.0,8787202670592.0,5050.543,1792.727,964.373,2241.183,33.248,0.0
United States,1989,244954096.0,9091291283456.0,5132.206,1813.144,1026.955,2239.805,33.264,0.0
United States,1990,248083728.0,9250377039872.0,5120.957,1814.521,1023.151,2178.912,33.484,673.88
United States,1991,251560192.0,9224687976448.0,5062.957,1797.739,1042.997,2119.828,32.736,675.93
United States,1992,255175328.0,9552658432000.0,5174.228,1819.076,1081.595,2171.389,32.993,679.03
United States,1993,258779760.0,9814940844032.0,5272.851,1880.75,1110.157,2179.57,34.838,671.94
United States,1994,262273584.0,10211205054464.0,5364.279,1894.587,1137.466,2226.839,36.31,684.61
United States,1995,265660560.0,10488856444928.0,5425.259,1913.488,1186.277,2218.052,37.075,682.64
United States,1996,268984352.0,10886951469056.0,5612.983,1993.662,1206.218,2305.573,37.309,681.39
United States,1997,272395424.0,11375561670656.0,5688.142,2039.02,1213.878,2326.319,38.561,671.83
United States,1998,275835008.0,11881793191936.0,5733.281,2063.092,1191.005,2370.752,39.461,660.22
United States,1999,279181568.0,12438444441600.0,5803.918,2063.44,1197.99,2433.326,40.239,648.0
United States,2000,282398560.0,12947416940544.0,6010.136,2163.759,1251.263,2487.797,41.445,644.08
United States,2001,285470496.0,13073809145856.0,5907.74,2099.619,1198.819,2502.393,41.613,636.64
United States,2002,288350240.0,13307342749696.0,5946.308,2103.791,1237.949,2495.597,43.164,630.0
United States,2003,291109824.0,13680911581184.0,6010.146,2143.993,1201.023,2557.467,43.349,630.12
United States,2004,293947872.0,14198910222336.0,6112.655,2164.773,1204.496,2630.825,45.886,628.78
United States,2005,296842656.0,14673826021376.0,6132.183,2188.244,1186.858,2642.692,46.194,629.14
United States,2006,299753088.0,15065164021760.0,6052.686,2152.459,1173.211,2609.708,46.851,630.36
United States,2007,302743392.0,15333184241664.0,6130.123,2175.189,1247.391,2592.216,45.509,636.64
United States,2008,305694912.0,15288553701376.0,5915.119,2135.724,1252.781,2414.708,41.416,645.0
United States,2009,308512032.0,14864003104768.0,5480.726,1872.449,1231.607,2280.345,29.615,635.32
United States,2010,311182848.0,15239587299328.0,5679.715,1982.954,1290.495,2300.574,31.449,653.3
United States,2011,313876608.0,15477885632512.0,5546.116,1873.284,1310.707,2252.414,32.208,659.04
United States,2012,316651328.0,15830887694336.0,5344.086,1658.491,1372.072,2196.025,35.27,671.09
United States,2013,319375168.0,16122472562688.0,5480.157,1720.408,1410.482,2224.627,36.369,674.34
United States,2014,322033952.0,16491318607872.0,5528.681,1710.594,1435.209,2247.931,39.439,699.9
United States,2015,324607776.0,16937634496512.0,5376.473,1479.145,1476.136,2285.676,39.907,702.68
United States,2016,327210208.0,17220065296384.0,5252.932,1347.943,1481.873,2299.961,39.439,683.93
United States,2017,329791232.0,17606123716608.0,5212.162,1308.716,1460.656,2315.177,40.324,701.26
United States,2018,332140032.0,18124692783104.0,5377.797,1256.631,1619.275,2366.168,38.971,744.96
United States,2019,334319680.0,18540551733248.0,5262.145,1071.666,1675.471,2360.999,40.896,785.07
United States,2020,335942016.0,18027359764480.0,4714.628,877.92,1656.255,2047.544,40.688,750.83
United States,2021,336997632.0,19099377729536.0,5032.213,1004.531,1659.225,2239.014,41.312,0.0
United States,2022,338289856.0,19493170446336.0,5057.304,934.698,1743.539,2249.519,41.418,0.0
