country,year,population,gdp,co2,coal_co2,gas_co2,oil_co2,cement_co2,methane
World,1941,0.0,0.0,4999.093,3885.896,153.463,912.407,43.293,3125.017
World,1942,0.0,0.0,4982.524,3910.548,166.049,863.516,38.376,3161.399
World,1943,0.0,0.0,5075.273,3926.667,182.9,926.609,34.769,3225.13
World,1944,0.0,0.0,5162.486,3869.074,197.601,1068.82,22.664,3271.15
World,1945,0.0,0.0,4289.312,2999.808,216.698,1045.86,22.986,3239.49
World,1946,0.0,0.0,4608.547,3235.935,223.835,1108.51,36.306,3339.43
World,1947,0.0,0.0,5165.206,3623.063,247.89,1246.564,43.141,3455.758
World,1948,0.0,0.0,5447.885,3740.633,280.124,1370.651,51.635,3511.886
World,1949,0.0,0.0,5204.035,3547.168,300.456,1294.042,58.189,3560.849
World,1950,2493092843.0,8461551665152.0,5930.244,3881.695,353.151,1549.885,66.9,3655.065
World,1951,2536927039.0,0.0,6381.429,4085.879,416.182,1718.226,75.766,3780.555
World,1952,2584086332.0,0.0,6467.46,4031.568,447.081,1817.347,80.746,3867.958
World,1953,2634106246.0,0.0,6650.885,4062.39,474.524,1936.623,89.546,3967.484
World,1954,2685894869.0,0.0,6789.529,4054.793,501.35,2052.92,97.134,4078.969
World,1955,2740213784.0,0.0,7443.896,4387.063,547.23,2298.363,107.436,4283.306
World,1956,2795409978.0,0.0,7926.013,4608.936,587.231,2498.143,116.488,4426.874
World,1957,2852618346.0,0.0,8185.645,4692.079,646.67,2611.238,122.452,4568.36
World,1958,2911249658.0,0.0,8417.188,4761.802,705.831,2718.585,129.694,4672.241
World,1959,2965950358.0,0.0,8854.689,4954.151,758.234,2897.077,145.245,4885.426
World,1960,3015470890.0,13338076512256.0,9387.011,5157.615,834.559,3120.795,157.394,5034.494
World,1961,3064869656.0,0.0,9415.042,4943.317,882.05,3310.092,164.145,5090.18
World,1962,3123374299.0,0.0,9747.287,4927.626,967.733,3559.353,176.367,5181.653
World,1963,3192807820.0,0.0,10266.772,5107.101,1046.872,3804.558,185.984,5321.518
World,1964,3264487340.0,0.0,10824.466,5212.51,1152.918,4105.11,206.155,5439.636
World,1965,3334533717.0,0.0,11310.601,5288.551,1230.599,4410.039,216.437,5596.354
World,1966,3404041107.0,0.0,11862.646,5349.521,1339.91,4759.411,233.017,5813.707
World,1967,3473412894.0,0.0,12237.369,5261.415,1433.029,5075.051,239.892,5897.157
World,1968,3545187239.0,0.0,12905.283,5319.157,1559.666,5528.78,255.286,6004.143
World,1969,3619491592.0,0.0,13761.785,5517.706,1708.626,5979.095,270.616,6201.988
World,1970,3694683801.0,21941933047808.0,14899.124,5698.193,1790.807,6799.776,288.253,6374.541
World,1971,3769847834.0,0.0,15503.854,5699.531,1933.47,7201.625,303.11,6394.896
World,1972,3844917687.0,0.0,16224.597,5690.899,2052.238,7765.145,321.341,6529.756
World,1973,3920805030.0,0.0,17085.094,5862.566,2204.517,8223.925,340.285,6695.322
World,1974,3996416108.0,0.0,17011.072,5860.91,2259.645,8106.0,340.749,6726.428
World,1975,4070735264.0,0.0,17052.752,6035.416,2256.24,8037.17,340.04,6832.301
World,1976,4144246391.0,0.0,17989.111,6260.573,2387.563,8539.312,356.224,6934.56
World,1977,4217863819.0,0.0,18498.635,6412.998,2441.855,8839.723,372.886,7028.787
World,1978,4292097508.0,0.0,19069.291,6521.982,2551.141,9156.858,398.05,7072.617
World,1979,4368539472.0,0.0,19609.02,6828.803,2689.876,9273.853,403.866,7252.53
World,1980,4447606208.0,31982614478848.0,19488.523,7009.021,2758.971,8949.605,406.269,7217.16
World,1981,4528777285.0,0.0,19022.902,6989.387,2795.24,8548.145,406.283,7055.852
World,1982,4612673436.0,0.0,18871.098,7111.624,2732.192,8342.404,404.28,7146.812
World,1983,4697327604.0,0.0,18991.91,7297.98,2761.513,8257.855,413.445,7162.986
World,1984,4782175500.0,0.0,19647.801,7651.011,3011.532,8325.042,421.227,7271.266
World,1985,4868943460.0,0.0,20311.902,8201.961,3122.311,8323.233,425.773,7383.196
World,1986,4958072822.0,0.0,20614.963,8321.163,3046.904,8572.973,442.333,7486.583
World,1987,5049746378.0,0.0,21250.074,8598.43,3308.479,8644.374,459.055,7569.99
World,1988,5141992550.0,0.0,22085.131,8893.931,3467.422,8962.293,482.906,7701.535
World,1989,5234431714.0,0.0,22386.637,8892.311,3641.542,9118.108,493.234,7876.47
World,1990,5327803075.0,43033605177344.0,22728.988,8702.585,3806.152,9244.039,494.369,7925.226
World,1991,5418735879.0,0.0,23186.102,8616.416,3868.078,9703.657,508.293,7899.296
World,1992,5505989821.0,0.0,22528.172,8410.125,3921.804,9208.91,529.372,7893.853
World,1993,5591544841.0,0.0,22755.787,8510.979,4025.106,9217.523,552.208,7912.445
World,1994,5675551281.0,0.0,22992.947,8559.984,4061.52,9250.904,589.438,7984.747
World,1995,5758878997.0,0.0,23532.084,8803.751,4218.191,9336.73,623.497,8103.435
World,1996,5842055726.0,0.0,24258.168,9025.064,4404.707,9619.58,636.372,8190.865
World,1997,5924787787.0,0.0,24401.906,8977.649,4420.749,9764.619,662.36,8191.747
World,1998,6007066714.0,0.0,24303.777,8735.663,4467.569,9883.401,660.075,8126.503
World,1999,6089006330.0,0.0,24853.729,8862.773,4613.602,10135.422,692.68,8171.664
World,2000,6171703018.0,59897668435968.0,25510.553,9202.368,4749.871,10270.908,723.999,8322.955
World,2001,6254936479.0,0.0,25706.293,9256.888,4794.54,10348.482,757.358,8318.738
World,2002,6337730319.0,0.0,26276.869,9681.148,4937.363,10332.214,785.215,8310.901
World,2003,6420361649.0,0.0,27669.49,10518.779,5118.303,10603.271,863.574,8541.279
World,2004,6503377778.0,0.0,28632.506,10872.461,5284.549,10998.771,902.594,8726.553
World,2005,6586970145.0,0.0,29614.395,11547.438,5402.539,11105.975,968.292,8883.688
World,2006,6671452018.0,0.0,30628.396,12194.091,5556.997,11221.006,1055.835,9055.228
World,2007,6757308750.0,0.0,31534.645,12784.673,5760.267,11252.844,1133.996,9137.519
World,2008,6844457675.0,0.0,32074.199,13201.743,5926.722,11202.105,1148.988,9246.188
World,2009,6932766459.0,0.0,31541.922,13045.025,5783.895,10956.532,1182.037,9195.602
World,2010,7021732131.0,89807707439104.0,33355.902,13954.142,6227.937,11323.283,1263.143,9391.759
World,2011,7110923797.0,0.0,34504.539,14737.899,6412.035,11361.404,1358.844,9672.067
World,2012,7201202531.0,0.0,35000.02,14906.987,6550.136,11494.373,1394.763,9767.593
World,2013,7291793608.0,0.0,35301.656,15001.509,6587.851,11577.865,1454.628,9742.556
World,2014,7381616239.0,0.0,35450.094,15017.948,6631.221,11606.367,1502.477,9827.423
World,2015,7470491904.0,106871830609920.0,35404.898,14667.685,6766.76,11831.668,1451.156,9848.547
World,2016,7558554580.0,110407201062912.0,35416.656,14336.13,6952.65,11962.95,1490.399,9878.319
World,2017,7645618013.0,114529589526528.0,35989.898,14513.114,7127.797,12149.412,1509.493,10041.971
World,2018,7729902724.0,118765811400704.0,36730.426,14746.245,7470.227,12249.189,1554.511,10198.932
World,2019,7811293714.0,122149364826112.0,37104.273,14694.93,7633.772,12411.968,1623.12,10279.053
World,2020,7887001284.0,118590019731456.0,35126.527,14266.885,7564.561,10960.689,1638.271,10163.954
World,2021,7954448405.0,126004794228736.0,36991.734,15134.602,7922.98,11530.972,1696.308,10330.923
World,2022,8021407170.0,130112561348608.0,37293.836,15185.965,7892.689,11909.615,1601.124,10529.812
World,2023,8091734935.0,0.0,37791.57,15401.22,7900.098,12208.835,1569.346,10514.614
